-0.0364 21.5044 11
-0.03536 16.145 17
-0.03432 32.4304 18
-0.03328 6.461 23
-0.03224 33.2041 31
-0.0312 32.9386 43
-0.03016 50.766 62
-0.02912 82.6541 74
-0.02808 95.2753 93
-0.02704 47.0167 119
-0.026 110.244 137
-0.02496 121.675 198
-0.02392 223.688 239
-0.02288 288.792 339
-0.02184 325.308 401
-0.0208 470.569 513
-0.01976 547.954 672
-0.01872 827.444 934
-0.01768 990.654 1224
-0.01664 1219.42 1478
-0.0156 1917.84 2056
-0.01456 2292.41 2559
-0.01352 2901.04 3384
-0.01248 3855.48 4457
-0.01144 5402.15 6113
-0.0104 7171.13 8046
-0.00936 9854.71 10954
-0.00832 13440.2 15079
-0.00728 19022.1 20998
-0.00624 26666.5 29156
-0.0052 38810.7 41527
-0.00416 57108.6 59658
-0.00312 83956.5 86165
-0.00208 123825 122176
-0.00104 159672 150009
0 99595.2 93423
0.00104 22924.3 21763
0.00208 2733.64 2549
0.00312 143.717 133
