0.036 9.56315 6
0.042 29.3522 29
0.048 124.306 93
0.054 321.24 264
0.06 957.348 729
0.066 1769.3 1406
0.072 3341.78 2689
0.078 5923.32 4673
0.084 9266.48 7508
0.09 14328.2 11640
0.096 19803.5 16318
0.102 27346.4 22240
0.108 33759.3 28056
0.114 41345.7 34634
0.12 48143.4 40694
0.126 54698.1 46533
0.132 58845 51323
0.138 61721.6 54705
0.144 64155.7 57594
0.15 62770.3 58203
0.156 62380.8 57979
0.162 58386.5 56699
0.168 54541.8 54203
0.174 49711.4 50971
0.18 45038.3 46791
0.186 40003.3 43371
0.192 34348.2 38797
0.198 29632.7 34496
0.204 26017.9 30647
0.21 22242.8 27096
0.216 18169.7 23534
0.222 15103.6 20087
0.228 12747.9 17391
0.234 10416 14648
0.24 8596.63 12511
0.246 6939.99 10686
0.252 5752.41 8823
0.258 4433.42 7393
0.264 3790.84 6323
0.27 2869.28 5054
0.276 2296.43 4147
0.282 1827.04 3526
0.288 1464.65 2894
0.294 1273.18 2543
0.3 892.198 1981
0.306 792.469 1709
0.312 617.161 1339
0.318 449.772 1160
0.324 333.912 888
0.33 281.937 758
0.336 213.658 590
0.342 165.203 477
0.348 151.573 389
0.354 108.298 320
0.36 77.7508 257
0.366 61.5136 220
0.372 49.751 195
0.378 32.1443 137
0.384 36.8585 129
0.39 20.8184 83
0.396 17.0183 70
0.402 16.0256 60
0.408 8.36455 39
0.414 11.7612 52
0.42 7.15724 31
0.426 6.34262 32
0.432 6.48881 27
0.438 5.97345 22
0.444 4.28367 17
0.45 5.11335 25
0.456 3.84689 20
0.462 1.43427 11
0.468 2.0358 12
0.474 2.95994 17
0.48 0.787835 6
0.486 0.79981 2
0.492 1.13479 5
0.498 0.635273 4
0.504 0.627356 2
