2.424242424242424240e-02 5.879172309688969200e+00 3.000000000000000000e+00
3.030303030303030387e-02 1.702268713753563745e+01 1.300000000000000000e+01
3.636363636363636187e-02 1.150379840720703157e+02 1.030000000000000000e+02
4.242424242424242681e-02 3.883072249581812798e+02 3.590000000000000000e+02
4.848484848484848481e-02 1.080099826304685848e+03 1.024000000000000000e+03
5.454545454545454281e-02 2.732856842881405100e+03 2.467000000000000000e+03
6.060606060606060774e-02 5.299812588924234660e+03 5.152000000000000000e+03
6.666666666666666574e-02 9.930941954831690964e+03 9.297000000000000000e+03
7.272727272727272374e-02 1.577380149942010939e+04 1.494900000000000000e+04
7.878787878787878174e-02 2.218566880004497216e+04 2.128600000000000000e+04
8.484848484848485362e-02 2.908645053985507184e+04 2.811800000000000000e+04
9.090909090909091161e-02 3.545390180510818755e+04 3.431100000000000000e+04
9.696969696969696961e-02 3.994234402178366145e+04 3.915900000000000000e+04
1.030303030303030276e-01 4.340523726567785343e+04 4.285500000000000000e+04
1.090909090909090856e-01 4.445773355442711181e+04 4.374900000000000000e+04
1.151515151515151575e-01 4.297247878070153092e+04 4.293100000000000000e+04
1.212121212121212155e-01 4.022106318843601184e+04 4.033100000000000000e+04
1.272727272727272596e-01 3.592025847526504367e+04 3.639400000000000000e+04
1.333333333333333315e-01 3.138120411598261489e+04 3.199600000000000000e+04
1.393939393939394034e-01 2.650539692909369114e+04 2.721200000000000000e+04
1.454545454545454475e-01 2.160244171277764326e+04 2.227300000000000000e+04
1.515151515151515194e-01 1.706800675467441397e+04 1.787000000000000000e+04
1.575757575757575635e-01 1.327909115866811953e+04 1.408000000000000000e+04
1.636363636363636354e-01 1.010124425611124389e+04 1.085300000000000000e+04
1.696969696969697072e-01 7.809781085800133951e+03 8.272000000000000000e+03
1.757575757575757514e-01 5.664647952523090680e+03 6.033000000000000000e+03
1.818181818181818232e-01 4.007987466702894835e+03 4.352000000000000000e+03
1.878787878787878673e-01 2.890145492307224686e+03 3.079000000000000000e+03
1.939393939393939392e-01 1.988465878205904119e+03 2.196000000000000000e+03
2.000000000000000111e-01 1.224625030343115668e+03 1.397000000000000000e+03
2.060606060606060552e-01 9.639167953762652132e+02 1.079000000000000000e+03
2.121212121212121271e-01 5.468061861444241458e+02 6.370000000000000000e+02
2.181818181818181712e-01 4.008397709723484468e+02 4.380000000000000000e+02
2.242424242424242431e-01 2.405276058095479641e+02 3.030000000000000000e+02
2.303030303030303150e-01 1.698964402507239697e+02 1.940000000000000000e+02
2.363636363636363591e-01 7.357165529715602759e+01 9.500000000000000000e+01
2.424242424242424310e-01 6.294625768177014180e+01 8.300000000000000000e+01
2.484848484848484751e-01 3.616498245190494742e+01 5.500000000000000000e+01
2.545454545454545192e-01 3.158719455996179448e+01 3.300000000000000000e+01
2.606060606060606188e-01 1.170251855240534589e+01 1.700000000000000000e+01
2.666666666666666630e-01 1.307016433918674103e+01 1.600000000000000000e+01
2.727272727272727071e-01 5.363354340976806967e+00 3.000000000000000000e+00
2.787878787878788067e-01 7.487922515133524914e-01 2.000000000000000000e+00
2.969696969696969946e-01 9.242366440727192156e-01 1.000000000000000000e+00
