-0.04472 10.7598 12
-0.04368 20.1215 26
-0.04264 10.295 21
-0.0416 34.6804 52
-0.04056 21.6005 57
-0.03952 75.6265 95
-0.03848 68.1645 125
-0.03744 109.602 163
-0.0364 155.82 224
-0.03536 155.577 242
-0.03432 210.732 321
-0.03328 298.528 391
-0.03224 371.022 515
-0.0312 422.65 615
-0.03016 527.368 702
-0.02912 685.759 888
-0.02808 840.445 1068
-0.02704 891.732 1157
-0.026 1153.37 1421
-0.02496 1412.21 1700
-0.02392 1620.19 1983
-0.02288 2044.86 2391
-0.02184 2461.15 2867
-0.0208 3118.53 3553
-0.01976 3603.57 4090
-0.01872 4280.75 4912
-0.01768 5212.4 5837
-0.01664 6397.19 7067
-0.0156 7404.02 8435
-0.01456 9539.78 10321
-0.01352 11446.7 12630
-0.01248 14449.2 15615
-0.01144 17790.1 18911
-0.0104 22411.3 23850
-0.00936 27813.6 29749
-0.00832 35987.8 37525
-0.00728 44940.5 48208
-0.00624 58997.4 62015
-0.0052 76821 79328
-0.00416 99023.5 101072
-0.00312 127786 128910
-0.00208 155104 151025
-0.00104 157662 145186
0 96531.1 87125
0.00104 27215 24982
0.00208 3735.28 3479
0.00312 160.034 169
