2.424242424242424240e-02 1.371262628363551617e+00 2.000000000000000000e+00
3.030303030303030387e-02 5.161551451553088476e+00 4.000000000000000000e+00
3.636363636363636187e-02 2.866408706117488592e+01 3.500000000000000000e+01
4.242424242424242681e-02 1.632877141079253533e+02 1.370000000000000000e+02
4.848484848484848481e-02 4.288777458336242603e+02 4.380000000000000000e+02
5.454545454545454281e-02 1.008600796677106700e+03 1.081000000000000000e+03
6.060606060606060774e-02 2.443126197262563437e+03 2.319000000000000000e+03
6.666666666666666574e-02 4.766828699861379391e+03 4.496000000000000000e+03
7.272727272727272374e-02 8.040309203234522101e+03 7.812000000000000000e+03
7.878787878787878174e-02 1.231643603627978518e+04 1.195500000000000000e+04
8.484848484848485362e-02 1.768968349596839107e+04 1.705500000000000000e+04
9.090909090909091161e-02 2.388853307918103019e+04 2.291700000000000000e+04
9.696969696969696961e-02 2.970304383000556481e+04 2.874800000000000000e+04
1.030303030303030276e-01 3.492427519931388088e+04 3.394400000000000000e+04
1.090909090909090856e-01 3.881598098961710639e+04 3.797800000000000000e+04
1.151515151515151575e-01 4.192246045532004064e+04 4.105600000000000000e+04
1.212121212121212155e-01 4.348528389038136811e+04 4.253900000000000000e+04
1.272727272727272596e-01 4.269701227176187967e+04 4.222300000000000000e+04
1.333333333333333315e-01 4.119585534031180578e+04 4.119200000000000000e+04
1.393939393939394034e-01 3.788942945032259740e+04 3.791200000000000000e+04
1.454545454545454475e-01 3.497206319349427940e+04 3.487700000000000000e+04
1.515151515151515194e-01 3.083786071289437314e+04 3.105100000000000000e+04
1.575757575757575635e-01 2.707767579132614264e+04 2.741500000000000000e+04
1.636363636363636354e-01 2.301161071959092442e+04 2.338100000000000000e+04
1.696969696969697072e-01 1.896649284253064252e+04 1.972800000000000000e+04
1.757575757575757514e-01 1.528185786395492323e+04 1.608200000000000000e+04
1.818181818181818232e-01 1.264816824445276688e+04 1.339900000000000000e+04
1.878787878787878673e-01 9.936869171570850085e+03 1.057500000000000000e+04
1.939393939393939392e-01 7.844656061659926308e+03 8.497000000000000000e+03
2.000000000000000111e-01 6.038432425574160334e+03 6.557000000000000000e+03
2.060606060606060552e-01 4.442037439629770233e+03 5.069000000000000000e+03
2.121212121212121271e-01 3.273657906213178649e+03 3.767000000000000000e+03
2.181818181818181712e-01 2.576538033822176203e+03 2.847000000000000000e+03
2.242424242424242431e-01 1.823810338936783864e+03 2.101000000000000000e+03
2.303030303030303150e-01 1.243114133754728982e+03 1.465000000000000000e+03
2.363636363636363591e-01 9.306852402326242100e+02 1.091000000000000000e+03
2.424242424242424310e-01 6.402592041804271048e+02 8.110000000000000000e+02
2.484848484848484751e-01 4.085488420839186574e+02 5.350000000000000000e+02
2.545454545454545192e-01 2.861338832201839182e+02 3.560000000000000000e+02
2.606060606060606188e-01 1.818369587996899099e+02 2.400000000000000000e+02
2.666666666666666630e-01 1.240330778356245105e+02 1.740000000000000000e+02
2.727272727272727071e-01 8.942156183580287632e+01 1.170000000000000000e+02
2.787878787878788067e-01 5.991962145661195649e+01 7.700000000000000000e+01
2.848484848484848508e-01 3.357740223029155402e+01 5.200000000000000000e+01
2.909090909090908950e-01 2.014333421567029347e+01 3.500000000000000000e+01
2.969696969696969946e-01 2.199672545646033939e+01 3.000000000000000000e+01
3.030303030303030387e-01 1.063236058384349469e+01 2.000000000000000000e+01
3.090909090909090828e-01 5.883434973063280005e+00 7.000000000000000000e+00
3.151515151515151270e-01 2.242276364114231146e+00 5.000000000000000000e+00
3.212121212121212266e-01 3.674895409221349829e-01 1.000000000000000000e+00
3.272727272727272707e-01 1.030673169105032816e+00 2.000000000000000000e+00
3.393939393939394145e-01 2.221737832723394312e+00 1.000000000000000000e+00
