-0.0383434 4.93752 7
-0.0372929 5.32642 12
-0.0362424 12.0297 19
-0.0351919 12.1997 16
-0.0341414 23.4436 28
-0.0330909 33.0627 42
-0.0320404 34.678 51
-0.0309899 39.3751 54
-0.0299394 38.9829 63
-0.0288889 69.1203 92
-0.0278384 107.029 132
-0.0267879 104.876 130
-0.0257374 156.32 193
-0.0246869 232.112 285
-0.0236364 268.347 344
-0.0225859 354.249 424
-0.0215354 437.014 531
-0.0204848 568.013 650
-0.0194343 714.02 812
-0.0183838 989.457 1106
-0.0173333 1270.08 1370
-0.0162828 1670.31 1837
-0.0152323 2088.59 2372
-0.0141818 2834.47 3111
-0.0131313 3741.28 4029
-0.0120808 5060.99 5340
-0.0110303 6479.68 6867
-0.0099798 9131.59 9713
-0.00892929 12738.8 13219
-0.00787879 17393.6 18346
-0.00682828 24583 25657
-0.00577778 35601.7 36720
-0.00472727 53356.5 54419
-0.00367677 81877.6 83027
-0.00262626 127623 127711
-0.00157576 201934 199661
-0.000525253 223155 219121
0.000525253 69631.8 67106
0.00157576 9840.08 9634
0.00262626 828.871 781
0.00367677 15.2737 25
