2.424242424242424240e-02 3.094345120409147221e+00 2.000000000000000000e+00
3.030303030303030387e-02 9.727288742512268271e+00 1.200000000000000000e+01
3.636363636363636187e-02 6.367891318041002791e+01 5.900000000000000000e+01
4.242424242424242681e-02 2.653689826383737227e+02 2.540000000000000000e+02
4.848484848484848481e-02 7.803609028596048347e+02 7.500000000000000000e+02
5.454545454545454281e-02 2.031704531728570373e+03 1.928000000000000000e+03
6.060606060606060774e-02 4.384362665743828984e+03 4.172000000000000000e+03
6.666666666666666574e-02 8.722943324220568684e+03 8.244000000000000000e+03
7.272727272727272374e-02 1.491310369603182335e+04 1.411700000000000000e+04
7.878787878787878174e-02 2.263924825115655403e+04 2.202100000000000000e+04
8.484848484848485362e-02 3.224179574316329308e+04 3.090500000000000000e+04
9.090909090909091161e-02 4.245026789229338465e+04 4.094300000000000000e+04
9.696969696969696961e-02 5.172362140728428494e+04 5.022800000000000000e+04
1.030303030303030276e-01 6.048213344120226975e+04 5.890700000000000000e+04
1.090909090909090856e-01 6.586418147619279625e+04 6.506300000000000000e+04
1.151515151515151575e-01 6.984207373575441306e+04 6.876100000000000000e+04
1.212121212121212155e-01 6.997014034875301877e+04 6.958300000000000000e+04
1.272727272727272596e-01 6.810288065999654646e+04 6.795900000000000000e+04
1.333333333333333315e-01 6.369711099483718135e+04 6.397200000000000000e+04
1.393939393939394034e-01 5.827118031827715458e+04 5.846300000000000000e+04
1.454545454545454475e-01 5.106345374774963420e+04 5.197200000000000000e+04
1.515151515151515194e-01 4.394535850125157594e+04 4.486900000000000000e+04
1.575757575757575635e-01 3.655009806712873979e+04 3.787400000000000000e+04
1.636363636363636354e-01 3.002909078533061620e+04 3.142700000000000000e+04
1.696969696969697072e-01 2.423421523517990136e+04 2.516500000000000000e+04
1.757575757575757514e-01 1.918337728570961190e+04 2.005900000000000000e+04
1.818181818181818232e-01 1.426713612190798267e+04 1.518500000000000000e+04
1.878787878787878673e-01 1.102865515720657277e+04 1.171600000000000000e+04
1.939393939393939392e-01 8.238384579306184605e+03 8.799000000000000000e+03
2.000000000000000111e-01 5.963999410820597404e+03 6.428000000000000000e+03
2.060606060606060552e-01 4.424663875219671354e+03 4.660000000000000000e+03
2.121212121212121271e-01 3.141605853385442060e+03 3.307000000000000000e+03
2.181818181818181712e-01 2.148093389451817075e+03 2.363000000000000000e+03
2.242424242424242431e-01 1.436327159759038750e+03 1.597000000000000000e+03
2.303030303030303150e-01 9.751656390646047612e+02 1.071000000000000000e+03
2.363636363636363591e-01 7.103280722989080687e+02 8.180000000000000000e+02
2.424242424242424310e-01 4.042248865572068439e+02 4.730000000000000000e+02
2.484848484848484751e-01 3.439694174466590653e+02 3.320000000000000000e+02
2.545454545454545192e-01 1.838220976155619155e+02 2.170000000000000000e+02
2.606060606060606188e-01 1.166072760920033318e+02 1.450000000000000000e+02
2.666666666666666630e-01 9.099246477478764916e+01 1.010000000000000000e+02
2.727272727272727071e-01 4.065322146062797515e+01 4.700000000000000000e+01
2.787878787878788067e-01 2.642744642064935690e+01 3.400000000000000000e+01
2.848484848484848508e-01 1.881743236805034059e+01 1.700000000000000000e+01
2.909090909090908950e-01 2.157130711359408792e+01 2.500000000000000000e+01
2.969696969696969946e-01 7.019310579156997854e+00 8.000000000000000000e+00
3.030303030303030387e-01 3.568311574851673385e+00 3.000000000000000000e+00
3.090909090909090828e-01 6.788175155078715051e+00 6.000000000000000000e+00
3.151515151515151270e-01 1.622376225652792492e+00 4.000000000000000000e+00
3.212121212121212266e-01 2.984476670216285488e+00 3.000000000000000000e+00
