-0.03224 8.29026 14
-0.03016 9.68078 15
-0.02912 9.60295 18
-0.02808 21.9286 35
-0.02704 29.5629 43
-0.026 36.25 50
-0.02496 67.9937 90
-0.02392 91.9141 117
-0.02288 104.588 160
-0.02184 180.846 239
-0.0208 293.627 316
-0.01976 331.031 442
-0.01872 481.539 597
-0.01768 661.361 802
-0.01664 933.067 1115
-0.0156 1423.87 1668
-0.01456 1806.82 2195
-0.01352 2511.81 3105
-0.01248 3705.79 4455
-0.01144 5451.76 6208
-0.0104 7905.13 9137
-0.00936 11583.6 13146
-0.00832 17580.2 19274
-0.00728 26853.4 29053
-0.00624 40095.9 43658
-0.0052 62520.7 66486
-0.00416 98611.4 103771
-0.00312 164570 166640
-0.00208 264227 265032
-0.00104 390312 376827
0 258389 247928
0.00104 57604.2 56015
0.00208 6741.06 6539
0.00312 374.303 343
