9.999800000000000355e-02 3.020900000000000252e-01 2.510424687259381060e-01 0.000000000000000000e+00
2.000010000000000121e-01 3.271950000000000136e-01 1.925290373548131373e-01 0.000000000000000000e+00
2.999990000000000157e-01 3.405960000000000099e-01 1.139922798455968445e-01 0.000000000000000000e+00
3.999969999999999914e-01 3.499929999999999986e-01 8.339458302708487036e-02 0.000000000000000000e+00
5.000000000000000000e-01 3.572750000000000092e-01 6.638966805165978646e-02 0.000000000000000000e+00
5.999980000000000313e-01 3.632710000000000106e-01 5.547761194029835613e-02 0.000000000000000000e+00
7.009999999999999565e-01 3.684259999999999757e-01 4.799999999999995937e-02 0.000000000000000000e+00
8.009979999999999878e-01 3.729190000000000005e-01 4.179006965011621694e-02 0.000000000000000000e+00
9.009996666666667542e-01 3.767840000000000078e-01 3.696570427436586537e-02 2.904481023296834070e-03
1.050999999999999934e+00 3.821605000000000141e-01 3.410795452272711442e-02 1.364999999999838565e-03
1.151000000000000023e+00 3.853109999999999591e-01 3.029499999999991228e-02 1.055000000000050689e-03
1.250999999999999890e+00 3.882194999999999951e-01 2.808500000000020008e-02 9.450000000000048639e-04
1.350999999999999979e+00 3.909279999999999977e-01 2.620250000000015969e-02 8.199999999999596501e-04
1.451000000000000068e+00 3.934600000000000319e-01 2.455999999999986666e-02 7.000000000001709716e-04
1.550999999999999934e+00 3.958399999999999697e-01 2.270399999999985624e-02 6.449999999999511680e-04
1.700999999999999845e+00 3.991359999999999908e-01 2.110083333333363786e-02 8.954328562210280397e-04
1.850999999999999979e+00 4.021702500000000624e-01 1.911861861861854570e-02 1.035736452964865694e-03
2.100600000000000023e+00 4.067757999999999652e-01 1.749298831385644529e-02 1.055303368260317046e-03
2.350166666666666515e+00 4.109021666666667350e-01 1.553157919824589561e-02 1.040633381062330137e-03
2.699999999999999734e+00 4.160854285714285505e-01 1.403221005001178447e-02 8.535472202185756530e-04
3.049999999999999822e+00 4.207223749999999818e-01 1.244793650793655712e-02 8.409806403835255739e-04
3.500000000000000000e+00 4.260437777777777990e-01 1.100854166666670464e-02 7.396261985490560579e-04
4.049999999999999822e+00 4.317309166666666864e-01 9.660407407407377994e-03 7.319508749453791522e-04
4.700000000000001066e+00 4.376362666666666623e-01 8.474621365787710775e-03 6.965865982696120345e-04
5.500000000000000000e+00 4.440191176470588696e-01 7.418876190476229003e-03 5.722389705764724692e-04
6.450000000000000178e+00 4.506193000000000559e-01 6.468926351028150834e-03 4.988474215629542120e-04
7.549999999999999822e+00 4.572804166666665782e-01 5.618578042979601589e-03 4.589775775206048590e-04
8.900241379310344314e+00 4.643861724137932079e-01 4.880731405812270204e-03 4.073730672716337838e-04
1.050074285714285516e+01 4.716821999999999404e-01 4.309672998035133339e-03 3.495497293405034614e-04
1.205100000000000193e+01 4.779649117647058465e-01 3.888881559870280193e-03 2.507283507750079736e-04
1.340099999999999802e+01 4.829609565217391487e-01 3.426170502983792287e-03 1.520297453733002223e-04
1.550099999999999945e+01 4.897851999999999206e-01 3.055247424480515925e-03 1.717102447824871072e-04
1.755099999999999838e+01 4.956402333333332910e-01 2.675394216133960331e-03 2.354038492085817869e-04
2.090100000000000335e+01 5.042323287671233167e-01 2.379495973101905613e-03 2.021957715758757664e-04
2.490100000000001401e+01 5.131295287356323342e-01 2.058705789025600582e-03 1.778199183771267465e-04
2.975100000000001188e+01 5.224518749999998990e-01 1.778464423734560894e-03 1.569659337687946666e-04
3.555064285714286854e+01 5.320695396825397827e-01 1.538277749006166338e-03 1.314643694281128570e-04
4.250015894039734832e+01 5.420636225165561539e-01 1.331927734280795349e-03 1.187146907444877332e-04
5.085000000000000142e+01 5.524471777777781867e-01 1.151766847783932497e-03 1.020588065773896536e-04
6.085000000000000142e+01 5.631983611111108790e-01 9.976927933177900422e-04 8.755146193903410527e-05
7.284999999999999432e+01 5.743964192307695615e-01 8.642473044848565525e-04 7.776130789745455143e-05
8.724999679487179094e+01 5.860144871794876753e-01 7.448341654461161079e-04 9.272507976810168758e-05
1.045494518716577659e+02 5.980072540106950996e-01 6.437537501159064021e-04 7.548955862599816976e-05
1.252992962138084607e+02 6.105088663697111340e-01 5.612798412986846116e-04 5.466294204292152734e-05
1.502004638218920718e+02 6.236302467532469640e-01 4.902829056605700637e-04 4.959596399689375978e-05
1.801022874806802747e+02 6.373778361669238945e-01 4.283408289768248292e-04 4.512626810303086615e-05
2.159544703608244447e+02 6.517953724226808188e-01 3.742400735639608259e-04 4.241771938894423174e-05
2.590070923737922612e+02 6.669071761546720989e-01 3.272152866924910941e-04 4.129512708211728714e-05
3.106602218246864595e+02 6.827845420393562348e-01 2.967018600392275695e-04 3.644830563442151957e-05
3.483625292056078706e+02 6.934191004672894953e-01 2.653254745296010093e-04 3.060388783312126249e-05
4.031158837209298440e+02 7.073153844049253625e-01 2.400836838445140949e-04 3.946859303328152137e-05
4.593190168745392157e+02 7.200579427732949345e-01 2.149860009793645027e-04 3.513443771459350630e-05
5.362124515794931767e+02 7.359292832729165124e-01 1.984264599344556475e-04 3.358957764961274697e-05
6.165469764309763150e+02 7.512561301907965117e-01 1.837623810316254885e-04 3.496118023799148948e-05
6.959275917721500946e+02 7.652789177215190142e-01 1.672155986726808102e-04 3.715723895625351700e-05
8.082001754385951244e+02 7.833035346003899280e-01 1.579078731024256355e-04 3.420481999277074617e-05
8.633866994247365483e+02 7.917220292425690698e-01 1.472204843175279666e-04 3.311341534853093869e-05
1.001752627472525091e+03 8.117984203296702006e-01 1.424048307527662214e-04 3.010741567544520744e-05
1.076834238553108662e+03 8.221179899267393454e-01 1.350203170240419379e-04 3.348391697778363993e-05
1.201903800366299265e+03 8.388228951465214189e-01 1.329446800402242664e-04 3.274446651619631655e-05
1.276985478021975723e+03 8.487270324175821834e-01 1.325148547779289923e-04 3.034127903262017688e-05
1.415351773729628576e+03 8.671079223394062563e-01 1.332043649865570034e-04 3.109646276739836432e-05
1.470538269980502491e+03 8.745091091617929191e-01 1.356640606266046420e-04 3.062313174021404213e-05
1.582810988924052936e+03 8.898261194620262771e-01 1.396570410074290415e-04 3.707071820302574038e-05
1.662191335577997279e+03 9.012748092031417357e-01 1.482460719083873832e-04 2.929101064711441698e-05
1.742521667529771776e+03 9.135026002071470197e-01 1.568074587169189060e-04 2.999461976445585201e-05
1.819403352898026014e+03 9.259268261188556837e-01 1.669821797077907031e-04 2.935543972337489548e-05
1.875589384404918292e+03 9.357225376196981470e-01 1.830505408850135400e-04 2.272793393389366875e-05
1.930326250000007803e+03 9.462313224299061520e-01 2.007481672622493760e-04 3.581906831889115688e-05
1.968017146690522850e+03 9.542772415026841148e-01 2.250663645298453584e-04 3.417454966236410841e-05
2.019656229860367375e+03 9.663364962406015835e-01 2.489808688299867878e-04 3.340138086058775838e-05
2.062716327319584252e+03 9.778555257731956774e-01 2.862861064522926355e-04 4.010518580407151999e-05
2.098597017001548465e+03 9.889361468315295278e-01 3.312650120694408452e-04 3.916246363749803164e-05
2.128525974025972118e+03 9.996559591836728931e-01 3.864129257363247685e-04 5.620682609757524421e-05
2.153450289532295756e+03 1.010132160356347564e+00 4.555436313664775849e-04 7.107626223118409571e-05
2.174220695187164893e+03 1.020471898395721277e+00 5.389934469464058645e-04 7.149128407677144846e-05
2.191537403846154120e+03 1.030660865384615876e+00 6.392551819406063840e-04 8.509303821034169000e-05
2.205951230769231643e+03 1.040755807692308244e+00 7.672031364508233439e-04 1.043238300694133074e-04
2.217963194444442252e+03 1.050934814814815210e+00 9.272925065938608527e-04 1.168637476483673385e-04
2.227973555555557596e+03 1.061176944444444548e+00 1.111324639707027056e-03 1.536450049341718017e-04
2.236331721854304760e+03 1.071348211920529314e+00 1.328077709230015202e-03 2.002612647570935266e-04
2.243287460317460955e+03 1.081514999999999782e+00 1.605279018653088877e-03 1.886235411801559861e-04
2.249093557692307058e+03 1.091834519230769462e+00 1.952274986189925449e-03 2.394583931267277419e-04
2.253948850574712651e+03 1.102328965517241244e+00 2.373247674929744675e-03 2.888319728445970622e-04
2.257951369863013497e+03 1.112856301369862910e+00 2.885681075916909227e-03 3.531020359127258045e-04
2.261306166666667195e+03 1.123559833333333424e+00 3.387599002825651857e-03 4.671040397491710012e-04
2.263360000000000127e+03 1.131178571428571589e+00 4.104159070808122839e-03 3.452298849609746834e-04
2.265460000000000036e+03 1.140607826086956544e+00 4.871513822920134004e-03 3.386842103336616867e-04
2.266810000000000400e+03 1.147985294117647381e+00 5.937399871492663080e-03 6.315247654785716494e-04
2.268360000000000127e+03 1.157826285714285808e+00 7.023591189020171946e-03 9.511153495584000108e-04
2.269962068965517119e+03 1.170124137931034536e+00 8.569181832823798139e-03 1.323999285750492244e-03
2.271316666666666606e+03 1.183162499999999895e+00 1.073676603686165611e-02 1.612585900766090987e-03
2.272419499999999971e+03 1.196508999999999823e+00 1.360134167303328825e-02 1.896443550571719119e-03
2.273369999999999891e+03 1.211090588235294252e+00 1.735751689993698596e-02 2.608596382442557142e-03
2.274169999999999618e+03 1.226893333333333391e+00 2.224039891819066042e-02 3.624631782075035061e-03
2.274819999999999709e+03 1.243339166666666662e+00 2.872407407406753904e-02 4.778917822651116212e-03
2.275369999999999891e+03 1.261362222222222274e+00 3.762333333333334195e-02 5.735034200787966947e-03
2.275819999999999709e+03 1.280962500000000004e+00 4.914365079363956779e-02 7.825599018626014716e-03
2.276170000000000073e+03 1.300677142857142865e+00 6.592976190473624765e-02 1.184226260780604778e-02
2.276519999999999982e+03 1.327113333333333367e+00 8.737476190477518057e-02 1.979584692700601251e-02
2.276769999999999982e+03 1.353102000000000027e+00 1.238233333333336184e-01 2.472792753123147572e-02
2.277019999999999982e+03 1.389025000000000176e+00 1.616699999999631210e-01 3.752512491666378652e-02
2.277170000000000073e+03 1.417769999999999975e+00 2.287333333335410390e-01 5.527882857744362971e-02
2.277319999999999709e+03 1.457645000000000080e+00 3.386399999999998300e-01 1.143500000001037575e-01
2.277420000000000073e+03 1.502429999999999932e+00 6.490999999991136082e-01 2.881499999976737669e-01
2.277519999999999982e+03 1.587464999999999904e+00 1.170825000001064708e+00 3.528000000029092309e-01
2.277619999999999891e+03 1.736594999999999889e+00 1.743049999997623667e+00 1.507000000001385009e-01
2.277720000000000255e+03 1.936075000000000212e+00 2.187750000001991602e+00 2.352000000002125724e-01
2.277819999999999709e+03 2.174145000000000216e+00 2.794450000002540957e+00 5.923000000005376187e-01
2.277920000000000073e+03 2.494965000000000099e+00 4.798749999993451532e+00 2.588799999981942879e+00
2.278019999999999982e+03 3.133894999999999875e+00 4.581174000000000035e+01 4.733645000006346493e+01
2.278170000000000073e+03 1.394790000000000063e+01 3.260544199999999933e+02 0.000000000000000000e+00
2.278269999999999982e+03 8.464749999999999375e+01 1.091420500000992661e+03 0.000000000000000000e+00
2.278369999999999891e+03 2.322319999999999993e+02 1.840992500001674443e+03 0.000000000000000000e+00
2.278469999999999800e+03 4.528460000000000036e+02 2.553429999996516472e+03 0.000000000000000000e+00
2.278570000000000164e+03 7.429180000000000064e+02 3.227119999995597482e+03 0.000000000000000000e+00
2.278670000000000073e+03 1.098269999999999982e+03 3.854860000003506229e+03 0.000000000000000000e+00
2.278769999999999982e+03 1.513890000000000100e+03 4.428550000004028334e+03 0.000000000000000000e+00
2.278869999999999891e+03 1.983980000000000018e+03 4.700900000004274261e+03 0.000000000000000000e+00
