5.000000000000000000e-01 2.160111999999999866e-01 3.687568000000002177e-02 0.000000000000000000e+00
1.000000000000000000e+00 2.344490399999999974e-01 2.863083000000002376e-02 0.000000000000000000e+00
1.500000000000000000e+00 2.446420300000000103e-01 1.743756000000001860e-02 0.000000000000000000e+00
2.000000000000000000e+00 2.518866000000000160e-01 1.289868999999999044e-02 0.000000000000000000e+00
2.500000000000000000e+00 2.575407200000000008e-01 1.031573999999996216e-02 0.000000000000000000e+00
3.000000000000000000e+00 2.622023399999999782e-01 8.631380000000021813e-03 0.000000000000000000e+00
3.500000000000000000e+00 2.661721000000000226e-01 7.440449761799050946e-03 0.000000000000000000e+00
3.999995999999999885e+00 2.696427599999999813e-01 6.476272571756914315e-03 0.000000000000000000e+00
4.499996000000000329e+00 2.726483466666666522e-01 5.755927999999996963e-03 4.407504828005225496e-04
5.249996000000000329e+00 2.768376699999999802e-01 5.321450666666694210e-03 2.072200000000079534e-04
5.749996000000000329e+00 2.793001600000000195e-01 4.734660000000057156e-03 1.734199999999797015e-04
6.249996000000000329e+00 2.815723300000000373e-01 4.383440000000016212e-03 1.483800000000590202e-04
6.749996000000000329e+00 2.836836000000000357e-01 4.083934999999927484e-03 1.288299999999686918e-04
7.249996000000000329e+00 2.856562649999999648e-01 3.825804999999959932e-03 1.102199999999942115e-04
7.749996000000000329e+00 2.875094049999999957e-01 3.536977787780740991e-03 9.977999999999072681e-05
8.499998666666666480e+00 2.900774966666666566e-01 3.291890693697690443e-03 1.338400514409574297e-04
9.250001000000001028e+00 2.924472575000000019e-01 2.988904478501900989e-03 1.581756556035776747e-04
1.050000080000000047e+01 2.960553120000000149e-01 2.742425430303510863e-03 1.556803871227107868e-04
1.175000000000000000e+01 2.993033183333333458e-01 2.444637128093710490e-03 1.531522223149064336e-04
1.350000000000000000e+01 3.033892214285714428e-01 2.211694047619053825e-03 1.353658678228401488e-04
1.525000000000000000e+01 3.070442475000000337e-01 1.965334920634928539e-03 1.272277884101986379e-04
1.750000000000000000e+01 3.112505611111111570e-01 1.743971333333327279e-03 1.119654137515001052e-04
2.025000000000000000e+01 3.157641041666666704e-01 1.535290814814803005e-03 1.146315710826959785e-04
2.350000000000000000e+01 3.204623059999999746e-01 1.349902224475993829e-03 1.088532094070781268e-04
2.750000000000000000e+01 3.255508952941176259e-01 1.192868914285709998e-03 8.251491516635959449e-05
3.225000000000000000e+01 3.308999089999999366e-01 1.051538182687720936e-03 8.582106605606108329e-05
3.775000000000000000e+01 3.363291616666667649e-01 9.132908627727022183e-04 7.443517558177451714e-05
4.450000000000000000e+01 3.420877220689655385e-01 7.918738627925731846e-04 6.506565475194629267e-05
5.250000000000000000e+01 3.480093011428572192e-01 6.862588774023430831e-04 5.709035884437698046e-05
6.225000000000000000e+01 3.542688171428571287e-01 5.958592121008354997e-04 4.950680039638658946e-05
7.375000000000000000e+01 3.606713093999999731e-01 5.166268506069077822e-04 4.248925112825371653e-05
8.775000000000000000e+01 3.674428018333332768e-01 4.484295239113474368e-04 3.643500889102478364e-05
1.045000000000000000e+02 3.744605172602739063e-01 3.882653969817840851e-04 3.351866527397552988e-05
1.245000000000000000e+02 3.817115551724138411e-01 3.359433322319674742e-04 2.845465226670301694e-05
1.487500000000000000e+02 3.893260097115384677e-01 2.913410862621406338e-04 2.330632722265401935e-05
1.777500000000000000e+02 3.972254680158728291e-01 2.525343527913455127e-04 2.157637166112325538e-05
2.125000000000000000e+02 4.054250747019867429e-01 2.184639605768260470e-04 1.889217103174566236e-05
2.542500000000000000e+02 4.139379610000000209e-01 1.888581771304302507e-04 1.615822140774531783e-05
3.042500000000000000e+02 4.227528124537037191e-01 1.634583143356642203e-04 1.370546733865185390e-05
3.642500000000000000e+02 4.319183755769230859e-01 1.415700018076053771e-04 1.219358911392819249e-05
4.362500000000000000e+02 4.414400526923076273e-01 1.226529341626995105e-04 1.048375410311121665e-05
5.227500000000000000e+02 4.513588656417109601e-01 1.063199318813735634e-04 9.032479192163874016e-06
6.265000000000000000e+02 4.616674197327389484e-01 9.200688369901541199e-05 8.196131737438724533e-06
7.510000000000000000e+02 4.723594368460112269e-01 7.964089426165482882e-05 6.947652577229858288e-06
9.005000000000000000e+02 4.834890247604323732e-01 6.909318645876507835e-05 5.865900129481839743e-06
1.079750000000000000e+03 4.950738218943302460e-01 5.996175631375350458e-05 5.357969016275035447e-06
1.295000000000000000e+03 5.071439376262081300e-01 5.207245640056832453e-05 4.530463984711434702e-06
1.553250000000000000e+03 5.197301299999993462e-01 4.526929005479295170e-05 4.148604167156137765e-06
1.863000000000000000e+03 5.328568943773305255e-01 3.939257848967051191e-05 3.702924190224719984e-06
2.235000000000000000e+03 5.465860203853322163e-01 3.442723316103341627e-05 3.344139563514627503e-06
2.681000000000000000e+03 5.610183711030558573e-01 3.020452133445075866e-05 7.509819903560071276e-06
3.216500000000000000e+03 5.762317580750956347e-01 2.635158086811479318e-05 7.035012349584139536e-06
3.859000000000000000e+03 5.920605333656950853e-01 2.285927804001503885e-05 2.668355998627172404e-06
4.630000000000000000e+03 6.085433475846568907e-01 1.989811455365044155e-05 2.543473269182002178e-06
5.555250000000000000e+03 6.258127101773246492e-01 1.735508030744829886e-05 2.373242584496934634e-06
6.665500000000000000e+03 6.438696135504679008e-01 1.509523512785463418e-05 2.262535420422601776e-06
7.997750000000000000e+03 6.626828219771095929e-01 1.310301819294379426e-05 2.093730617179890697e-06
9.596500061569669924e+03 6.822745606807346652e-01 1.154671742528662062e-05 2.023071102731732861e-06
1.118850006088324699e+04 6.995255113048445272e-01 1.042659524823258250e-05 1.908722209756510140e-06
1.245850000000000000e+04 7.121154756392142904e-01 9.135434418247444520e-06 1.710353657712716064e-06
1.462300000000000000e+04 7.309011602581204636e-01 8.160821506185590582e-06 1.797288192993980116e-06
1.658000000000000000e+04 7.457503014769581995e-01 7.098190090636482914e-06 1.878387208184962201e-06
1.989525000000000000e+04 7.683245929634786586e-01 6.284280973146316078e-06 1.822673574265045076e-06
2.387350000000000000e+04 7.915847047546008541e-01 5.397563423379253691e-06 3.085756687797857038e-06
2.864750000000000000e+04 8.155654174357497288e-01 4.752114423152103517e-06 2.881674033748977886e-06
3.267200000000000000e+04 8.333961835067046353e-01 4.138745483281258771e-06 1.635866329286812577e-06
3.719350000000000000e+04 8.509351363358713671e-01 3.570127206920946031e-06 1.645933719037777471e-06
4.292725000000000000e+04 8.700087305454806685e-01 3.109944396565032146e-06 1.616833565226598275e-06
4.896525000000000000e+04 8.875446242861357860e-01 2.837195292001925719e-06 1.599223676345000745e-06
5.355675000000000000e+04 9.001666979018151382e-01 2.463543763841831570e-06 1.586528128810546730e-06
6.373275058809635811e+04 9.239250082674711484e-01 2.287086048694679975e-06 1.688503636892247639e-06
6.630350112239285954e+04 9.293196145600230995e-01 2.005854528423571047e-06 1.687803702754869246e-06
7.711975319520549965e+04 9.507773880689591728e-01 1.946862585280149858e-06 1.578866960303982165e-06
8.119225464696327981e+04 9.583059717384672105e-01 1.797123485601980258e-06 1.585929588019637508e-06
9.200850749979885586e+04 9.775343181011014737e-01 1.771969944559861845e-06 1.672128768886753296e-06
9.457925690268778999e+04 9.820273373833661168e-01 1.736954223952346584e-06 1.646604040454832848e-06
1.047552500410804059e+05 9.996748263998135320e-01 1.742296483697159445e-06 1.517748030345010756e-06
1.093467500000000000e+05 1.007756688679835255e+00 1.770210738354369148e-06 1.474414478436384621e-06
1.153847500000000000e+05 1.018491281370430324e+00 1.803366267577195453e-06 1.425022890845221289e-06
1.211185000000000000e+05 1.028985465540187105e+00 1.883289478318839067e-06 1.560435190885148673e-06
1.256400000000000000e+05 1.037804885792959597e+00 2.013791172689337698e-06 2.589519460324979241e-06
1.296645000000000000e+05 1.046195324901990187e+00 2.158162066410253394e-06 2.416441124847059157e-06
1.344385000000000000e+05 1.056793474734270211e+00 2.315765648522485741e-06 1.528984467884487449e-06
1.384167500000000000e+05 1.066463484799271111e+00 2.559908992487865832e-06 1.559636558359712780e-06
1.417320000000000000e+05 1.075464170970980460e+00 2.802023587170108074e-06 1.409256292244665523e-06
1.436890000000000000e+05 1.081236453656728713e+00 3.130674554427952985e-06 1.403158208297117119e-06
1.458535000000000000e+05 1.088367246147055267e+00 3.442401541008621358e-06 1.535870221538210514e-06
1.471235000000000000e+05 1.093059381749322823e+00 3.884231265295720619e-06 1.559163693161418165e-06
1.487155000000000000e+05 1.099483916028331620e+00 4.318182283244367108e-06 1.514045671306065404e-06
1.503142500000000000e+05 1.106837621869584787e+00 4.938642341945084415e-06 1.451775427264777975e-06
1.516465000000000000e+05 1.113959076732572662e+00 5.742515001292271436e-06 1.485424504305653694e-06
1.527567500000000000e+05 1.120863714760241159e+00 6.696382077489964570e-06 1.546490734270914371e-06
1.536820000000000000e+05 1.127589562451303484e+00 7.835123971674994186e-06 1.566570455962007758e-06
1.544530000000000000e+05 1.134154043797194866e+00 9.196885144416944651e-06 1.645769002071085948e-06
1.550955000000000000e+05 1.140589359602936836e+00 1.082236120152627523e-05 1.754199277351578491e-06
1.556310000000000000e+05 1.146902785292592819e+00 1.276429141027950297e-05 1.973990991276120569e-06
1.560770000000000000e+05 1.153117511622126168e+00 1.510537188303324012e-05 2.111022882523144051e-06
1.564490000000000000e+05 1.159258979492914010e+00 1.790341612230153125e-05 2.322633227915520583e-06
1.567587500000000000e+05 1.165323165563505237e+00 2.124260486244060512e-05 2.550046149836534557e-06
1.570170000000000000e+05 1.171324779054780274e+00 2.524895443755768374e-05 3.038743175757887641e-06
1.572322500000000000e+05 1.177278545489688799e+00 3.006792371756453400e-05 3.471679409633910877e-06
1.574115000000000000e+05 1.183186574961359483e+00 3.585058476721961592e-05 4.089451420178507896e-06
1.575610000000000000e+05 1.189064425231912248e+00 4.290507894550566723e-05 4.956981979386793460e-06
1.576855000000000000e+05 1.194942566592428035e+00 5.164966951830774410e-05 6.017471037628422485e-06
1.577892500000000000e+05 1.200853462299465990e+00 6.249066382227472986e-05 7.321646285664796769e-06
1.578757500000000000e+05 1.206831415384615802e+00 7.603178359957558485e-05 9.196179829415052634e-06
1.579477500000000000e+05 1.212904499999998720e+00 9.324804913450822862e-05 1.173783101441538214e-05
1.580077500000000000e+05 1.219140157870370889e+00 1.151793434343563146e-04 1.466884941553151938e-05
1.580577500000000000e+05 1.225574227777777914e+00 1.427347897990878577e-04 1.811454756082431859e-05
1.580995000000000000e+05 1.232236074834437201e+00 1.775225542068765159e-04 2.346392176839385773e-05
1.581342500000000000e+05 1.239154703174603966e+00 2.223039694145542483e-04 3.086152705807012221e-05
1.581632500000000000e+05 1.246407952884615034e+00 2.803149584608514706e-04 3.898489902604872020e-05
1.581875000000000000e+05 1.254081474712644306e+00 3.546351023676475164e-04 5.061844535515654358e-05
1.582075000000000000e+05 1.262100556164383436e+00 4.511571506763423786e-04 6.567018189705044087e-05
1.582242500000000000e+05 1.270661499999999888e+00 5.835956369306166593e-04 1.125497499873811413e-04
1.582382500000000000e+05 1.280046121999999897e+00 7.604684407096277922e-04 1.273199419415427822e-04
1.582497500000000000e+05 1.290053445238095398e+00 9.797223932773073494e-04 1.424749398340713986e-04
1.582595000000000000e+05 1.300865222857142678e+00 1.264972293531315415e-03 2.107481984138675525e-04
1.582675000000000000e+05 1.312506703448276246e+00 1.693284043583543653e-03 3.144597223867589783e-04
1.582742500000000000e+05 1.325841162499999948e+00 2.343320126671327806e-03 4.877031086862340875e-04
1.582797500000000000e+05 1.341212375000000012e+00 3.515923888091824264e-03 8.926922316229587116e-04
1.582845000000000000e+05 1.361879382352941148e+00 6.118480571428566717e-03 2.089560748729165762e-03
1.582885000000000000e+05 1.394749079999999974e+00 1.369260473292767226e-02 7.924992084914374638e-03
1.582917500000000000e+05 1.461150766666666767e+00 3.952779407407402967e-02 3.949457086355525476e-02
1.582945000000000000e+05 1.631915844444444152e+00 8.708447166666663519e-02 3.647341266523999870e-02
1.582967500000000000e+05 1.896573124999999971e+00 1.273011281746033174e-01 1.168649080348761402e-02
1.582985000000000000e+05 2.141120357142857422e+00 1.753278928571429252e-01 4.439847837633493360e-02
1.583002500000000000e+05 2.510220750000000223e+00 4.167782276190476476e-01 2.316318445177868168e-01
1.583015000000000000e+05 3.391455040000000309e+00 1.645665670399999954e+02 2.342871768046144041e+02
1.583027500000000000e+05 4.139266383499999620e+02 7.629419141466667043e+02 1.251704292577421711e+03
1.583035000000000000e+05 1.529275283333333391e+03 2.300167274433333660e+03 6.654908947688819580e+02
1.583042500000000000e+05 3.864177550000000338e+03 3.342604333333333670e+03 6.368300000000544969e+00
1.583047500000000000e+05 5.707530700000000252e+03 3.696727699999999459e+03 2.641109999999935098e+01
1.583052500000000000e+05 7.560905249999999796e+03 3.689836949999999888e+03 6.023539999999775318e+01
1.583057500000000000e+05 9.397367650000000140e+03 3.649836750000000393e+03 1.405929999999716529e+01
1.583062500000000000e+05 1.121074200000000019e+04 3.681129349999999249e+03 9.470200000000113505e+01
1.583067500000000000e+05 1.307849699999999939e+04 3.776393999999998414e+03 1.293399999999928696e+01
1.583072500000000000e+05 1.498713599999999860e+04 3.837614000000001397e+03 5.360599999999976717e+01
1.583077500000000000e+05 1.691611100000000079e+04 3.937056799999999839e+03 5.867899999999826832e+01
1.583085000000000000e+05 1.990845699999999852e+04 4.057444800000000214e+03 0.000000000000000000e+00
1.583090000000000000e+05 2.198791700000000128e+04 4.296976000000002387e+03 0.000000000000000000e+00
1.583095000000000000e+05 2.420543300000000090e+04 4.431730999999999767e+03 0.000000000000000000e+00
1.583100000000000000e+05 2.641964800000000105e+04 4.495132999999997992e+03 0.000000000000000000e+00
1.583105000000000000e+05 2.870056599999999889e+04 4.707856999999999971e+03 0.000000000000000000e+00
1.583110000000000000e+05 3.112750500000000102e+04 4.849629000000000815e+03 0.000000000000000000e+00
1.583115000000000000e+05 3.355019499999999971e+04 4.916318999999999505e+03 0.000000000000000000e+00
1.583120000000000000e+05 3.604382400000000052e+04 4.987258000000001630e+03 0.000000000000000000e+00
