3.200000000000000067e-02 3.263190000000000257e-01 1.356903225806451285e+00 0.000000000000000000e+00
6.300000000000000044e-02 3.683830000000000160e-01 9.389137931034479134e-01 0.000000000000000000e+00
8.999999999999999667e-02 3.807760000000000034e-01 4.107796610169488494e-01 0.000000000000000000e+00
1.219999999999999973e-01 3.926189999999999958e-01 3.218644067796611608e-01 0.000000000000000000e+00
1.489999999999999936e-01 3.997660000000000102e-01 2.371206896551726895e-01 0.000000000000000000e+00
1.799999999999999933e-01 4.063720000000000110e-01 1.934999999999996723e-01 0.000000000000000000e+00
2.109999999999999931e-01 4.117629999999999901e-01 1.606984126984121741e-01 0.000000000000000000e+00
2.429999999999999938e-01 4.164959999999999773e-01 1.495988700564969687e-01 0.000000000000000000e+00
2.700000000000000178e-01 4.205893333333333151e-01 1.368951048951051463e-01 2.412709312350922591e-02
3.145000000000000018e-01 4.262839999999999963e-01 1.189758771929827624e-01 7.439285714284440965e-03
3.459999999999999742e-01 4.296314999999999995e-01 1.056065573770492427e-01 9.171082949307497734e-03
3.755000000000000004e-01 4.327259999999999995e-01 9.859504132231401707e-02 3.596774193549659437e-03
4.064999999999999725e-01 4.355964999999999976e-01 9.143801652892531717e-02 1.285714285715104654e-03
4.359999999999999987e-01 4.382579999999999809e-01 8.730508474576197109e-02 6.834101382488584620e-03
4.655000000000000249e-01 4.407474999999999588e-01 7.935714285714361160e-02 2.483870967741802493e-03
5.106666666666667131e-01 4.441833333333333744e-01 7.390502793296174766e-02 6.445646192993541475e-03
5.550000000000000488e-01 4.473620000000000374e-01 6.731065253764607903e-02 7.474991997198223576e-03
6.301999999999999824e-01 4.522291999999999978e-01 6.180867630700757204e-02 6.134859920028223196e-03
7.048333333333333117e-01 4.566230000000000011e-01 5.524338961452669033e-02 4.111587321265235649e-03
8.095714285714284975e-01 4.621382857142856682e-01 4.949940523394162628e-02 4.291452233726079576e-03
9.150000000000000355e-01 4.670261250000000697e-01 4.353566710700151193e-02 4.768419092316998967e-03
1.049888888888888872e+00 4.726006666666666689e-01 3.851833842734072449e-02 4.714883619129606532e-03
1.214916666666666645e+00 4.785784166666666728e-01 3.394708570017284516e-02 3.988893128062315392e-03
1.409799999999999942e+00 4.848185999999999884e-01 2.990008905522542962e-02 3.187652885295378258e-03
1.649764705882352800e+00 4.915804117647058491e-01 2.611448709400886539e-02 2.985954205597105612e-03
1.934750000000000414e+00 4.985273999999999539e-01 2.261491188215900353e-02 2.764873009118114840e-03
2.264750000000000263e+00 5.054882500000000833e-01 1.962034407139431891e-02 2.169559529276856875e-03
2.669862068965517476e+00 5.129505517241379486e-01 1.714149077848183683e-02 1.921694645269925433e-03
3.149714285714286355e+00 5.206578571428572833e-01 1.484107805473394021e-02 1.770314406415570731e-03
3.734785714285713265e+00 5.287551666666667760e-01 1.280192308553559748e-02 1.522265639115713770e-03
4.425639999999999574e+00 5.369921600000000517e-01 1.105003730647255433e-02 1.388420027165750354e-03
5.266499999999998849e+00 5.456806666666665917e-01 9.558732060185395202e-03 1.161236685522158089e-03
6.271767123287672163e+00 5.546387945205477621e-01 8.230561745045290173e-03 1.088508342943455718e-03
7.471758620689653796e+00 5.638311839080462073e-01 7.095452310433644424e-03 8.704331230826553882e-04
8.926721153846157719e+00 5.734768942307690853e-01 6.191195641810498008e-03 7.613863068744241647e-04
1.051583620689655163e+01 5.826776637931033731e-01 5.607496465794360556e-03 6.789813567198344944e-04
1.151992753623188470e+01 5.880182898550724291e-01 4.754967373679500238e-03 8.286287259262337113e-04
1.363478260869565339e+01 5.975081521739131762e-01 4.284290439958285575e-03 6.183135361884191860e-04
1.525479444444444432e+01 6.040195444444440565e-01 3.790655076308106081e-03 4.935507702045318149e-04
1.825578240740740554e+01 6.150247685185186164e-01 3.396330153961883095e-03 4.712447437366368416e-04
2.185669230769231675e+01 6.264417692307693297e-01 2.944544455209799436e-03 3.873309668206665148e-04
2.617674038461537833e+01 6.383483814102561826e-01 2.556308676690327228e-03 3.637269097788710880e-04
3.136672994652405677e+01 6.507523609625665006e-01 2.219170762800660220e-03 3.331014390284884577e-04
3.759108017817374758e+01 6.636787505567930401e-01 1.928261694646043935e-03 2.935168983391007666e-04
4.506012244897963370e+01 6.771568051948049227e-01 1.726726673830386496e-03 2.794776144273722969e-04
5.104478571428574440e+01 6.869096227678571642e-01 1.542140416120964946e-03 2.276115581855631055e-04
5.843978753541079385e+01 6.977901274787530195e-01 1.379293368152424747e-03 1.990169633513651985e-04
6.709478456591641304e+01 7.090472797427653795e-01 1.225387707897480308e-03 2.303902297953231999e-04
7.796247368421050794e+01 7.217129871106325867e-01 1.133107073531120813e-03 2.217338469409870416e-04
8.704775700934578708e+01 7.316561339563867339e-01 1.004124357915186106e-03 2.046573061206914202e-04
1.061380704918032762e+02 7.500047901639338432e-01 9.104497777237405753e-04 1.728303373332874804e-04
1.204018347578346351e+02 7.620233466286787660e-01 8.268605405369318460e-04 1.933700192523766571e-04
1.330515581395348477e+02 7.722584911080712100e-01 7.499395382553217465e-04 1.901330041111825762e-04
1.591677004555808992e+02 7.910954020501144157e-01 7.123457509655373382e-04 1.884503554239652429e-04
1.653467562642368591e+02 7.952638382687928775e-01 6.481271578533928700e-04 1.958282972534133133e-04
1.914490300957594400e+02 8.120178084815318220e-01 6.306795890142026300e-04 1.465382142274647187e-04
2.040836077872746159e+02 8.196943798670465187e-01 6.029622022170610940e-04 1.931748620582650539e-04
2.183468524590165032e+02 8.282361786885246158e-01 6.037890575750180788e-04 2.288081101820012406e-04
2.380986931464175314e+02 8.402323161993772160e-01 6.230977935745241015e-04 1.356102259445143843e-04
2.492666723952741279e+02 8.475022502685283232e-01 6.634960368659893921e-04 1.797620151157920860e-04
2.634456736334407196e+02 8.570499372990366682e-01 6.987728773263434745e-04 2.117553304147244382e-04
2.750246543909350407e+02 8.655012294617564494e-01 7.741185762756420778e-04 1.445520756498677934e-04
2.849151607142856051e+02 8.736698660714286024e-01 8.689121414934126942e-04 1.774799004351052477e-04
2.929217699443407810e+02 8.810522504638212959e-01 9.834299565119881785e-04 2.311333075196150355e-04
3.029243830734965286e+02 8.913806748329621277e-01 1.117208825781659809e-03 2.304430256867349546e-04
3.112573716577539358e+02 9.015369465240637981e-01 1.323675016417678917e-03 2.350610485586064136e-04
3.181834262820511867e+02 9.115786891025637884e-01 1.582885885055650317e-03 2.931881528126510411e-04
3.239483999999999355e+02 9.216253961538461992e-01 1.914542684551335736e-03 3.282371807072471210e-04
3.287566435185185583e+02 9.318215648148144847e-01 2.337693508796391366e-03 3.778617424505614319e-04
3.327864222222222566e+02 9.422859833333335766e-01 2.722467487090449254e-03 4.931288295616031254e-04
3.349651739130434862e+02 9.487240869565214396e-01 3.328599508470939192e-03 4.395115998759488419e-04
3.377748985507246857e+02 9.588906231884056774e-01 3.872068438082980259e-03 4.158381498088190215e-04
3.391263017241379885e+02 9.648362586206897795e-01 4.729234229089087672e-03 6.497077070827087008e-04
3.412617884615384583e+02 9.753809423076915674e-01 5.498391101518691065e-03 8.753178745803702780e-04
3.432243793103448297e+02 9.873690919540226707e-01 6.822592703916988653e-03 1.119957813755835703e-03
3.448350136986302346e+02 9.997596027397259721e-01 8.616521755596590754e-03 1.469290500142897415e-03
3.461683833333332814e+02 1.012736166666666549e+00 1.099173650630870872e-02 1.944426448743946483e-03
3.472882200000001376e+02 1.026724600000000098e+00 1.405982619810390404e-02 2.513926200370304644e-03
3.481950476190476138e+02 1.041230714285714454e+00 1.796707574929022264e-02 3.235899774191446174e-03
3.489651428571428937e+02 1.056854000000000182e+00 2.267151214631696332e-02 3.595293654370547605e-03
3.496130344827585645e+02 1.073378620689655172e+00 2.859410576019087366e-02 5.913204498486419707e-03
3.501551666666666165e+02 1.090881666666666749e+00 3.542708266441385589e-02 6.137277030638996558e-03
3.505527500000000032e+02 1.106670000000000043e+00 4.779660811775563595e-02 6.838424698705727021e-03
3.509650588235294322e+02 1.129591764705882628e+00 6.202812296988517021e-02 1.523617917414542972e-02
3.513480666666666821e+02 1.156001999999999974e+00 7.834739289836636922e-02 1.665922666773253860e-02
3.515426666666666620e+02 1.174845833333333145e+00 1.082618105367206679e-01 1.824911758044382021e-02
3.517074444444444907e+02 1.194908888888888798e+00 1.498516394464330104e-01 1.906077618788828976e-02
3.518768750000000409e+02 1.224927499999999947e+00 2.228177173432436542e-01 8.540322176812502331e-02
3.521019999999999754e+02 1.282822857142857265e+00 2.988003363543192958e-01 1.239858662487086649e-01
3.523228333333333353e+02 1.358179999999999943e+00 4.158281853281963203e-01 1.626357063466074004e-01
3.523979999999999677e+02 1.405908000000000158e+00 8.100499445060429515e-01 1.875941960037230405e-01
3.524730000000000132e+02 1.479822499999999819e+00 1.218607734806357978e+00 7.447304720566546576e-01
3.525186666666666611e+02 1.552953333333333186e+00 2.190916666667276136e+00 7.340830412394809823e-01
3.525629999999999882e+02 1.677004999999999857e+00 3.591896162529272907e+00 1.457991898148742527e+00
3.525924999999999727e+02 1.818154999999999966e+00 6.306153846155906351e+00 1.391529271204269946e+00
3.526214999999999691e+02 2.045914999999999928e+00 9.783416666657034355e+00 2.439193548386628052e+00
3.526525000000000318e+02 2.405160000000000409e+00 1.551216000000000150e+01 5.262222782266198884e+00
3.526839999999999691e+02 3.015425000000000022e+00 4.182049180333229543e+01 4.505538773150268383e+01
3.527134999999999536e+02 4.956209999999999560e+00 1.548761538462044030e+02 1.223949701313595142e+02
3.527424999999999500e+02 1.207568000000000019e+01 3.998049572646993397e+02 2.023306912440008034e+02
3.527719999999999914e+02 2.834479999999999933e+01 7.473187261139223665e+02 7.076857142852088600e+01
3.528210000000000264e+02 7.074020000000000152e+01 1.108542105262839641e+03 0.000000000000000000e+00
3.528480000000000132e+02 1.125939999999999941e+02 1.617100000000202954e+03 0.000000000000000000e+00
3.528790000000000191e+02 1.645320000000000107e+02 1.928576271187451539e+03 0.000000000000000000e+00
3.529069999999999823e+02 2.263799999999999955e+02 2.261050847458812314e+03 0.000000000000000000e+00
3.529379999999999882e+02 2.979340000000000259e+02 2.633000000000330147e+03 0.000000000000000000e+00
3.529649999999999750e+02 3.790939999999999941e+02 2.768629032257535982e+03 0.000000000000000000e+00
3.530000000000000000e+02 4.695889999999999986e+02 4.426825301204145944e+03 0.000000000000000000e+00
3.532970000000000255e+02 1.848799999999999955e+03 4.643808080807682927e+03 0.000000000000000000e+00
