5.099800000000000166e-02 2.133859999999999923e-01 5.432200000000003692e-01 0.000000000000000000e+00
1.009980000000000044e-01 2.405470000000000108e-01 3.746300467681490387e-01 0.000000000000000000e+00
1.499969999999999914e-01 2.504739999999999744e-01 1.698366032679346216e-01 0.000000000000000000e+00
2.010000000000000120e-01 2.575310000000000099e-01 1.226906397893112038e-01 0.000000000000000000e+00
2.509990000000000276e-01 2.628659999999999886e-01 9.733194663893271481e-02 0.000000000000000000e+00
3.009979999999999878e-01 2.672640000000000016e-01 8.152081520815204763e-02 0.000000000000000000e+00
3.509979999999999767e-01 2.710179999999999811e-01 7.030789076327718934e-02 0.000000000000000000e+00
4.010009999999999963e-01 2.742950000000000110e-01 6.084878302433956165e-02 0.000000000000000000e+00
4.510000000000000120e-01 2.771029999999999882e-01 5.361707234144669904e-02 4.399158592086523274e-03
5.259985000000000355e-01 2.809969999999999968e-01 4.926078817261106413e-02 2.090473609472905114e-03
5.759980000000000100e-01 2.832605000000000262e-01 4.340956590434079387e-02 1.631197528147984577e-03
6.259995000000000420e-01 2.853379999999999805e-01 4.008899777505491729e-02 1.288429064383398576e-03
6.760005000000000042e-01 2.872694999999999554e-01 3.742499999999986809e-02 1.120022400448061894e-03
7.259994999999999088e-01 2.890804999999999625e-01 3.513070261405271122e-02 1.060021200423956478e-03
7.759985000000000355e-01 2.907824999999999993e-01 3.244412977651945501e-02 9.403298065965258468e-04
8.509989999999999499e-01 2.931360000000000077e-01 3.016313224578492935e-02 1.232924766814764289e-03
9.259995000000000864e-01 2.953069999999999862e-01 2.731961190419641625e-02 1.456423117245554504e-03
1.050599199999999955e+00 2.985889999999999933e-01 2.498595317725760961e-02 1.497425661488888116e-03
1.175166166666666623e+00 3.015326666666666711e-01 2.222152665304453004e-02 1.280961926743230499e-03
1.350000000000000089e+00 3.052421428571428508e-01 2.004333249285478180e-02 1.301616600349857732e-03
1.524999875000000005e+00 3.085445000000000548e-01 1.764159710247455159e-02 1.273316515423647804e-03
1.749999777777777821e+00 3.122987777777777585e-01 1.547400386850095177e-02 1.067827876734215968e-03
2.024999750000000098e+00 3.162815000000000487e-01 1.351592542533606479e-02 1.048470152055820540e-03
2.349999799999999972e+00 3.204083333333332950e-01 1.184523302545172074e-02 9.498190913890375807e-04
2.749999764705882033e+00 3.248692941176471449e-01 1.036739047619050780e-02 8.013536732920619517e-04
3.224999799999999972e+00 3.294797999999999893e-01 9.024064246247470375e-03 7.116061205287157413e-04
3.774999583333333408e+00 3.341189583333332713e-01 7.805300192667616495e-03 6.483463923673950333e-04
4.450240620689653426e+00 3.390431724137931702e-01 6.718464841733485376e-03 5.991369029995139263e-04
5.250742571428569150e+00 3.440336857142858307e-01 5.694126538687871095e-03 8.222270607259523972e-04
6.226000071428568816e+00 3.491545714285714253e-01 4.873364584673438825e-03 6.114716190980584503e-04
7.376000000000000334e+00 3.543908399999999848e-01 4.247331668173573785e-03 3.453174098836250751e-04
8.775999950000000993e+00 3.599852666666666368e-01 3.693813079770322944e-03 3.208815323047679380e-04
1.045099995890410582e+01 3.657493150684931749e-01 3.170364488885525980e-03 2.937943840574711550e-04
1.245100000000000051e+01 3.716363563218391675e-01 2.702879663895421756e-03 2.650091172211503990e-04
1.487600000000000477e+01 3.777095576923076847e-01 2.311401917481991676e-03 2.053266267891997311e-04
1.777564285714286285e+01 3.839437460317459694e-01 1.993212233647832701e-03 1.721490932484616811e-04
2.125015894039735187e+01 3.904146092715233829e-01 1.721023138161819786e-03 1.539211393500630699e-04
2.542500000000000071e+01 3.971084666666664931e-01 1.475359798220716393e-03 1.494755853552215028e-04
3.042500000000000071e+01 4.039508009259258903e-01 1.262819463869464419e-03 1.187823668979283822e-04
3.642499999999999716e+01 4.109994807692305963e-01 1.085101279892948870e-03 1.060406029191439262e-04
4.362500000000000000e+01 4.182741378205128147e-01 9.329482940514759442e-04 9.204215278635183197e-05
5.227499999999999858e+01 4.257867112299464907e-01 8.012579549222888014e-04 8.274517675933666791e-05
6.265000106904228261e+01 4.335180712694879923e-01 6.870346429858406731e-04 8.144806932968704828e-05
7.510049072356213173e+01 4.414686141001856190e-01 5.915541511643264937e-04 6.545197210986307304e-05
9.005139944358595017e+01 4.497274822256567273e-01 5.111424258970073513e-04 6.342790816853127733e-05
1.079774825000000078e+02 4.582734394329900374e-01 4.394663724649658355e-04 6.515637351555009780e-05
1.295038120300748972e+02 4.670654908700321850e-01 3.776588130861449708e-04 6.044527088221111330e-05
1.553303810375670651e+02 4.761566788908762615e-01 3.259554488526274349e-04 5.127113358735166122e-05
1.863072490678607949e+02 4.855808806860556492e-01 2.814254686009096725e-04 5.352228587432394881e-05
2.235093847109997398e+02 4.953439869484151936e-01 2.431115442038775561e-04 5.229125926726103268e-05
2.681064650440189894e+02 5.054672143966859599e-01 2.103806080965548559e-04 4.610092630108526975e-05
3.216454721622802708e+02 5.159899167026322786e-01 1.821161738987171926e-04 5.426106476448965715e-05
3.858797867673479800e+02 5.269156411362813097e-01 1.578675055243747326e-04 5.454288337524421099e-05
4.629609688342843015e+02 5.382990416541796330e-01 1.369286667490661696e-04 5.145749515433318367e-05
5.554633876123874643e+02 5.501364975024983783e-01 1.188680389210236722e-04 5.845339633031915367e-05
6.664612913423536611e+02 5.624887259105096904e-01 1.034925074312317492e-04 5.140236964084140712e-05
7.996537789802268890e+02 5.754083733957698898e-01 8.982608936018174697e-05 5.486259980221037887e-05
9.595104906922958889e+02 5.888121894782473165e-01 7.800691949112242742e-05 5.479837174369143218e-05
1.151457783499939524e+03 6.028515200529935836e-01 6.820647729389826960e-05 6.411114035739054224e-05
1.381898142312322761e+03 6.176217632476916908e-01 6.274086385546903601e-05 6.343061316098813672e-05
1.502665964759247117e+03 6.248866247383106920e-01 5.512808202881707971e-05 5.120421726373061309e-05
1.794450633088009909e+03 6.403649908003665736e-01 5.033620709722225206e-05 8.293892788406621050e-05
1.997723873105117036e+03 6.498059621379260742e-01 4.412475649757538422e-05 6.678069551562354998e-05
2.388505035662426508e+03 6.665774966602753260e-01 4.005373178543962227e-05 5.298374181875116539e-05
2.866371223561299303e+03 6.845985301292307756e-01 3.620868535467312215e-05 4.522952948966681662e-05
3.243213874955720257e+03 6.975253800921040748e-01 3.251418873836704472e-05 3.487090588905221092e-05
3.721805794054571834e+03 7.124122912075729896e-01 2.934490087738741057e-05 3.353291708471467741e-05
4.268520564007806570e+03 7.276129032512598238e-01 2.699404753634945941e-05 3.269134807835261558e-05
4.702763949914709883e+03 7.388923222980312566e-01 2.497526635160528550e-05 3.718649390859207093e-05
5.353564210999278657e+03 7.547121573379890203e-01 2.326292560191438105e-05 6.543233309813596731e-05
6.043458742208127660e+03 7.700808055060270885e-01 2.199336122445670930e-05 5.852141370714116056e-05
6.420430421816161470e+03 7.781761312906521066e-01 2.067971206628208051e-05 4.043294072955890987e-05
7.323688243752276321e+03 7.965555829767199114e-01 2.012229530975482436e-05 3.511938161999268693e-05
7.700659983881497283e+03 8.039372886028088860e-01 1.942004619695785351e-05 3.799411886506690744e-05
8.390554563058478379e+03 8.172741761836247454e-01 1.934596751590661996e-05 4.218775626802111537e-05
9.041378444255013164e+03 8.298747843851712602e-01 1.951039890989015430e-05 3.474357158452945907e-05
9.475367490429025565e+03 8.384393091392298158e-01 2.002164955525313173e-05 3.492410023324129620e-05
1.002083581328105902e+04 8.494851365821209921e-01 2.085153802419811766e-05 4.252750997179799365e-05
1.049709277482582911e+04 8.597438527571144018e-01 2.219022745082753002e-05 3.614834081374761215e-05
1.087209716567445503e+04 8.683748196118294960e-01 2.391036115873958908e-05 3.937867332862249407e-05
1.134763234070978797e+04 8.800805609571974442e-01 2.573504730955482317e-05 4.738910831523743836e-05
1.173650736744715687e+04 8.906204570493118089e-01 2.768479614668946262e-05 4.238442768043000381e-05
1.193878910456915764e+04 8.964466154553807353e-01 3.105973207672729129e-05 3.546635379876846906e-05
1.222915045184926748e+04 9.059218192602939146e-01 3.411466132566473439e-05 3.419295637776233800e-05
1.234932917101564817e+04 9.104520507828186560e-01 3.948201652222691795e-05 3.230139174888125366e-05
1.257865486330240856e+04 9.197209582078780254e-01 4.353585203831884868e-05 3.073278866406926218e-05
1.276975544876427193e+04 9.287556670039038842e-01 5.139895032794915150e-05 3.973674725777398315e-05
1.292900593999305238e+04 9.377286357960439300e-01 6.189298894139162374e-05 4.302384148683102613e-05
1.306171055567116491e+04 9.468256412070750194e-01 7.559716409025603280e-05 3.418566685030750276e-05
1.317230188311687380e+04 9.561211191308690571e-01 9.265932883628709318e-05 3.321278520912822714e-05
1.326446544800719312e+04 9.656127734492050418e-01 1.143855030977904206e-04 3.538907283137353044e-05
1.334126426824883310e+04 9.754479665587908466e-01 1.439487775054069788e-04 3.810909957439865040e-05
1.340526331031506743e+04 9.858804536037981681e-01 1.842433347196121391e-04 4.389414157829024627e-05
1.345860413775246343e+04 9.970670554117038176e-01 2.336440662333656628e-04 7.250840172560947452e-05
1.350302990055934788e+04 1.008723037290243152e+00 2.843588010557173275e-04 9.807644274853634771e-05
1.354008457121552237e+04 1.020236733780759408e+00 3.319959147451913457e-04 1.006573719418445335e-04
1.357093861359570656e+04 1.031268452593917750e+00 3.845162850179117812e-04 9.584578980274799766e-05
1.359666269602578177e+04 1.041991944146080096e+00 4.519453307227097268e-04 1.034474811180636160e-04
1.361810359536083524e+04 1.052584445876289410e+00 5.377566703480517185e-04 1.230043436736933619e-04
1.363595867078824995e+04 1.063123616692426054e+00 6.442250280435976150e-04 1.287808590198573594e-04
1.365085020408162563e+04 1.073680630797773317e+00 7.767623414664403701e-04 1.329399529663037106e-04
1.366325149220489766e+04 1.084323652561246742e+00 9.462817870214217629e-04 1.511139276720092255e-04
1.367358617647059691e+04 1.095195267379678761e+00 1.164752731622151118e-03 1.874062414195953755e-04
1.368220230769229966e+04 1.106396666666665585e+00 1.437249732194451155e-03 2.115722300488034793e-04
1.368937407692308079e+04 1.117886423076923874e+00 1.778639074826038205e-03 2.741229139614518380e-04
1.369535083333332659e+04 1.129783148148148175e+00 2.216495054447083311e-03 3.302713498360665108e-04
1.370033100000000741e+04 1.142172388888888834e+00 2.780315392630459612e-03 4.030189890725736218e-04
1.370448999999998887e+04 1.155192913907284513e+00 3.562586962498811086e-03 6.274945199688580430e-04
1.370795150793651555e+04 1.169321111111111477e+00 4.745986270780277322e-03 9.208787611155695241e-04
1.371083971153846505e+04 1.185328557692307605e+00 6.556966688881041630e-03 1.368420506856824273e-03
1.371325528735632179e+04 1.204097816091953765e+00 9.340415892272019641e-03 2.038753463582190350e-03
1.371524712328766873e+04 1.226495616438356029e+00 1.404530151042570306e-02 3.817822841823801001e-03
1.371691683333333094e+04 1.255525333333333604e+00 2.337132481158251535e-02 7.335859707902289868e-03
1.371831080000000293e+04 1.298097799999999857e+00 4.754486367848419215e-02 1.983598084573248016e-02
1.371945547619047829e+04 1.376224761904762062e+00 1.188789534758569466e-01 9.116981554871203541e-02
1.372042828571428799e+04 1.549822285714286041e+00 2.404366231852288482e-01 9.573184896421711720e-02
1.372122344827586130e+04 1.801309999999999523e+00 3.500353722290486247e-01 3.611050024996452501e-02
1.372189499999999862e+04 2.063224166666667081e+00 4.246668313330058675e-01 4.342268272435046567e-02
1.372244500000000153e+04 2.320062499999999694e+00 5.269296508849307115e-01 7.705159310626072400e-02
1.372291999999999825e+04 2.603327058823529327e+00 7.047554410098165745e-01 1.397083160135277613e-01
1.372331799999999930e+04 2.935314000000000423e+00 9.969727719357337481e-01 2.767328678703719902e-01
1.372363833333333423e+04 3.319485833333333691e+00 1.488444819818429243e+00 3.813336755919181087e-01
1.372390999999999985e+04 3.816473333333333606e+00 2.844383389265634055e+00 9.915736051038497312e-01
1.372413500000000022e+04 4.732196250000000326e+00 3.037977380968959551e+01 3.061329463040521759e+01
1.372430999999999767e+04 1.596838285714285810e+01 2.489028202378365222e+02 2.952438283676227684e+02
1.372448500000000058e+04 9.184818333333333840e+01 7.135750571445878450e+02 4.566974807835633783e+02
1.372460999999999694e+04 2.300409000000000219e+02 1.433796266677098629e+03 3.590691838536021692e+02
1.372473499999999876e+04 4.502972499999999627e+02 1.932895499975388475e+03 2.314198666228812158e+02
1.372480999999999949e+04 6.166200000000000045e+02 2.384291666643536246e+03 1.858487889670613527e+02
1.372488500000000022e+04 8.079410000000000309e+02 2.689967999999999847e+03 1.076600000015662317e+02
1.372493499999999949e+04 9.528659999999999854e+02 3.004689999989067019e+03 1.047199999430322350e+02
1.372498500000000058e+04 1.108409999999999854e+03 3.212989999988310956e+03 9.950000005993979357e+01
1.372503499999999985e+04 1.274164999999999964e+03 3.412450000049658684e+03 9.519999993581063791e+01
1.372508499999999913e+04 1.449654999999999973e+03 3.603549999986890725e+03 9.230000006691784620e+01
1.372513500000000022e+04 1.634519999999999982e+03 3.788299999986219973e+03 8.970000000130562512e+01
1.372518499999999949e+04 1.828485000000000127e+03 3.967249999985568593e+03 8.619999992592374838e+01
1.372523500000000058e+04 2.031245000000000118e+03 4.170840000000000146e+03 7.990000007649223335e+01
1.372530999999999949e+04 2.349840000000000146e+03 4.254440000000000509e+03 0.000000000000000000e+00
1.372536000000000058e+04 2.563050000000000182e+03 4.415399999983936141e+03 0.000000000000000000e+00
1.372540999999999985e+04 2.791380000000000109e+03 4.622800000067268229e+03 0.000000000000000000e+00
1.372545999999999913e+04 3.025329999999999927e+03 4.724099999982812733e+03 0.000000000000000000e+00
1.372551000000000022e+04 3.263789999999999964e+03 4.807499999982510417e+03 0.000000000000000000e+00
1.372555999999999949e+04 3.506079999999999927e+03 4.878099999982253394e+03 0.000000000000000000e+00
1.372561000000000058e+04 3.751599999999999909e+03 4.939399999982030749e+03 0.000000000000000000e+00
1.372565999999999985e+04 4.000019999999999982e+03 4.968400000072300827e+03 0.000000000000000000e+00
