1.099800000000000083e-02 1.896552999999999989e-01 2.840491901619675730e+01 0.000000000000000000e+00
2.100000000000000130e-02 4.737612999999999963e-01 1.925525999999999982e+01 0.000000000000000000e+00
3.099800000000000125e-02 5.747605000000000075e-01 1.628874999999998963e+00 0.000000000000000000e+00
4.100000000000000172e-02 5.063387999999999778e-01 -2.299250000000030436e-01 0.000000000000000000e+00
5.099800000000000166e-02 5.701619999999999466e-01 2.717924103794810531e+00 0.000000000000000000e+00
6.100099999999999967e-02 5.606999999999999762e-01 -4.701014949252526609e-01 0.000000000000000000e+00
7.099900000000000655e-02 5.607594999999999663e-01 8.444100000000008821e-01 0.000000000000000000e+00
8.100100000000000355e-02 5.775881999999999961e-01 8.962570256198065799e-01 0.000000000000000000e+00
9.033299999999999663e-02 5.780877333333332979e-01 2.292545212101018137e-01 3.565823529263812963e-01
1.049990000000000090e-01 5.830898500000000206e-01 3.149744255028759654e-01 7.418478650504810312e-02
1.149995000000000045e-01 5.858570499999999903e-01 3.034323283835845819e-01 1.276290976428169355e-01
1.250000000000000000e-01 5.891588000000000935e-01 3.470138246543884586e-01 9.391722975668836959e-02
1.350000000000000089e-01 5.927975000000000882e-01 3.137238723872342039e-01 6.366273254653193048e-03
1.449980000000000158e-01 5.954326500000000078e-01 2.677505122450933306e-01 1.386883084670462174e-02
1.554979999999999973e-01 5.982858500000000079e-01 2.754217624285309474e-01 8.065342030661781791e-03
1.709999999999999576e-01 6.025941666666666530e-01 2.619571008220847319e-01 3.449892111630577934e-02
1.859997500000000192e-01 6.062760000000000371e-01 2.261239864329939453e-01 1.662280464060396021e-02
2.109989999999999921e-01 6.116388999999999854e-01 2.032097041132119863e-01 1.764144072029783655e-02
2.359991666666666765e-01 6.164363666666665686e-01 1.817132137794086055e-01 1.564300776195040946e-02
2.708564285714286091e-01 6.225157857142856743e-01 1.645489953483628143e-01 1.803222327164958477e-02
3.053743749999999757e-01 6.278519874999999306e-01 1.456303537297350126e-01 1.452957139319146183e-02
3.499994444444444741e-01 6.340414111111110085e-01 1.295022783401894029e-01 9.776700958175845238e-03
4.049991666666667434e-01 6.407536249999999933e-01 1.130662415796182957e-01 1.798663500344910987e-02
4.699992666666666929e-01 6.476093400000000333e-01 1.023630058427042189e-01 1.478728813397713407e-02
5.149995999999998908e-01 6.520135999999999710e-01 9.274795518821374318e-02 4.898694108246664548e-03
5.899994444444445207e-01 6.587391111111110531e-01 8.503835845206338118e-02 3.292317252195075053e-03
6.549991666666665768e-01 6.639189333333335163e-01 7.520269805031741528e-02 5.794842596709287585e-03
7.549992499999998996e-01 6.711475416666665694e-01 6.743970397296365771e-02 5.911423921719332654e-03
8.899994482758619707e-01 6.797672827586207500e-01 5.958499480246791380e-02 4.620564548280280300e-03
1.049999571428571254e+00 6.887251342857143577e-01 5.200474575166699753e-02 4.492046135236741483e-03
1.244999523809524167e+00 6.982289714285714322e-01 4.526699730113564746e-02 4.335623086258158856e-03
1.474999480000000363e+00 7.079636040000001351e-01 3.937874670910270630e-02 3.530141877770156134e-03
1.754999466666667063e+00 7.183121299999997156e-01 3.430320622954281806e-02 3.097648104504004563e-03
2.089999465753424879e+00 7.290600753424657521e-01 2.980215104037891791e-02 3.080017231944121026e-03
2.489999482758620708e+00 7.402167114942530546e-01 2.712104402469800099e-02 2.477568917779954770e-03
2.734999446428571179e+00 7.465531482142857556e-01 2.386158521368913349e-02 1.524344741571339668e-03
3.209999473684210347e+00 7.573970526315794149e-01 2.154214748181309744e-02 2.278187758243989825e-03
3.600025205128205119e+00 7.651876606837605399e-01 1.892382634081421836e-02 2.321014068438571800e-03
4.250562576158939621e+00 7.770884880794700633e-01 1.794690143440233129e-02 2.254707290195461303e-03
4.620999655172413512e+00 7.835109885057470747e-01 1.578135258285366660e-02 2.143487723565970070e-03
5.495999632653061795e+00 7.967431693877552457e-01 1.462457691897049890e-02 1.841835538541254993e-03
5.905999705882350348e+00 8.023035705882355373e-01 1.331978160439749835e-02 1.694703412461377864e-03
6.575999661016947329e+00 8.111285338983053039e-01 1.243321592314422692e-02 1.697595042568780842e-03
7.465999640845069507e+00 8.216993866197179752e-01 1.165585808921510563e-02 2.226491197053914999e-03
7.875999711267604120e+00 8.262811499999994647e-01 1.080077429960253632e-02 1.919125423205676924e-03
8.765999720338983892e+00 8.357403940677970988e-01 1.033727250420327440e-02 9.610617473565885409e-04
9.435999729411767234e+00 8.424072952941177306e-01 9.884478815166172772e-03 1.522473611238471828e-03
9.845999765306125084e+00 8.464156316326533203e-01 9.420177893910435321e-03 1.826719099005204945e-03
1.072100000000000009e+01 8.545122264367819298e-01 9.105455865900186768e-03 1.882227627813662374e-03
1.121775496688741569e+01 8.589060880794707753e-01 8.618377040927183499e-03 1.605692365763937510e-03
1.257681196581196303e+01 8.705063136752136943e-01 8.408556911060859757e-03 1.658145016239595797e-03
1.385819298245614206e+01 8.811083614035090106e-01 8.214127545976385517e-03 2.065486036720762340e-03
1.548689285714285724e+01 8.944100892857143048e-01 8.425592311336115720e-03 1.421679004212381874e-03
1.636122988505746889e+01 9.021979298850573148e-01 9.287167921099957410e-03 1.901304963778322268e-03
1.774990410958903553e+01 9.154270547945206893e-01 1.009216632208712917e-02 1.947114047416050910e-03
1.889916666666666956e+01 9.278112099999998863e-01 1.140967157281388630e-02 1.716045493283128347e-03
1.984140000000000370e+01 9.392903359999997814e-01 1.297232486496188199e-02 2.356356439055344153e-03
2.062266666666666737e+01 9.501690119047616623e-01 1.537154840660819206e-02 2.247017679621507100e-03
2.135300000000000153e+01 9.625259685714286917e-01 1.820194254804210349e-02 3.095702876922244978e-03
2.190824137931034343e+01 9.735689689655175894e-01 2.201981229352285852e-02 2.743869675941773816e-03
2.230433333333333223e+01 9.834741500000000469e-01 2.811441704753134263e-02 5.499020524408244556e-03
2.274655555555555608e+01 9.971376833333331913e-01 3.155890495867742784e-02 7.005937137639244028e-03
2.311100000000000065e+01 1.008931666666666560e+00 3.398249051833187456e-02 1.327580180550005581e-03
2.318599999999999639e+01 1.012071100000000001e+00 4.254222222222583255e-02 7.889866919065453886e-04
2.323099999999999810e+01 1.014036733333333551e+00 5.550307692307706459e-02 1.508111401718463095e-03
2.342433333333333323e+01 1.025299333333333562e+00 6.244550877192917016e-02 1.890253497624179782e-02
2.386433333333333451e+01 1.053585555555555553e+00 6.614415730337060151e-02 2.225999554093205726e-02
2.416600000000000037e+01 1.074356250000000124e+00 7.254488448844974291e-02 3.348413803583668961e-03
2.420099999999999696e+01 1.078008999999999995e+00 1.068654761904673373e-01 3.578279144041883637e-03
2.423600000000000421e+01 1.081836833333333248e+00 1.112099999999878186e-01 3.596139905817040665e-03
2.426100000000000279e+01 1.084681599999999912e+00 1.158883333333381865e-01 3.375440711956282508e-03
2.428600000000000136e+01 1.087631249999999827e+00 1.190933333333441674e-01 3.014444393249716015e-03
2.430099999999999838e+01 1.089445333333333155e+00 1.225750000000015993e-01 2.889059823991094351e-03
2.431600000000000250e+01 1.091308500000000015e+00 1.260066666666563029e-01 4.000000000232706299e-04
2.432600000000000051e+01 1.092595499999999831e+00 1.291500000000146975e-01 4.999999999802662298e-04
2.433599999999999852e+01 1.093891499999999795e+00 1.317250000000075583e-01 3.750000000026218472e-03
2.434600000000000009e+01 1.095229999999999926e+00 1.351749999999884710e-01 1.100000000022596791e-03
2.435600000000000165e+01 1.096594999999999986e+00 1.372249999999992920e-01 2.550000000014623902e-03
2.436599999999999966e+01 1.097974499999999853e+00 1.395000000000201634e-01 5.499999999852289712e-04
2.437599999999999767e+01 1.099384999999999835e+00 1.423750000000087168e-01 2.100000000019336399e-03
2.438599999999999923e+01 1.100821999999999967e+00 1.457599999999956708e-01 9.999999999805025963e-04
2.440099999999999980e+01 1.103029000000000037e+00 1.490399999999920122e-01 0.000000000000000000e+00
2.441100000000000136e+01 1.104548000000000085e+00 5.577661658227854105e+02 0.000000000000000000e+00
2.519099999999999895e+01 4.417382999999999811e+02 6.109179139240512768e+02 0.000000000000000000e+00
2.520100000000000051e+01 4.837296999999999798e+02 4.289460000000093714e+03 0.000000000000000000e+00
2.521099999999999852e+01 5.275275000000000318e+02 4.465635000000098444e+03 0.000000000000000000e+00
2.522100000000000009e+01 5.730424000000000433e+02 4.640444999999273932e+03 0.000000000000000000e+00
2.523100000000000165e+01 6.203364000000000260e+02 4.816400000000101500e+03 0.000000000000000000e+00
2.524099999999999966e+01 6.693704000000000178e+02 4.903400000000974615e+03 0.000000000000000000e+00
